{
 "cells": [
  {
   "cell_type": "code",
   "execution_count": 1,
   "metadata": {
    "collapsed": false
   },
   "outputs": [
   ],
   "source": [
    "import pandas as pd"
   ]
  },
  {
   "cell_type": "code",
   "execution_count": 8,
   "metadata": {
    "collapsed": false
   },
   "outputs": [
    {
     "data": {
      "text/plain": [
       "array([30.,  0.,  2.,  5., 15.,  8.,  4.,  3., 10., 14., 20.,  1.,  7.,\n",
       "       24.,  9., 28., 16., 12.,  6., 25., 17., 18., 21., 29., 22., 13.,\n",
       "       23., 27., 26., 11., 19.])"
      ]
     },
     "execution_count": 8,
     "metadata": {
     },
     "output_type": "execute_result"
    }
   ],
   "source": [
    "df = pd.read_csv('../datasets/heart_fixed.csv')"
   ]
  },
  {
   "cell_type": "code",
   "execution_count": 3,
   "metadata": {
    "collapsed": false
   },
   "outputs": [
    {
     "name": "stdout",
     "output_type": "stream",
     "text": [
      "<class 'pandas.core.frame.DataFrame'>\n",
      "RangeIndex: 319795 entries, 0 to 319794\n",
      "Data columns (total 18 columns):\n",
      " #   Column            Non-Null Count   Dtype  \n",
      "---  ------            --------------   -----  \n",
      " 0   HeartDisease      319795 non-null  object \n",
      " 1   BMI               319795 non-null  float64\n",
      " 2   Smoking           319795 non-null  object \n",
      " 3   AlcoholDrinking   319795 non-null  object \n",
      " 4   Stroke            319795 non-null  object \n",
      " 5   PhysicalHealth    319795 non-null  float64\n",
      " 6   MentalHealth      319795 non-null  float64\n",
      " 7   DiffWalking       319795 non-null  object \n",
      " 8   Sex               319795 non-null  object \n",
      " 9   AgeCategory       319795 non-null  object \n",
      " 10  Race              319795 non-null  object \n",
      " 11  Diabetic          319795 non-null  object \n",
      " 12  PhysicalActivity  319795 non-null  object \n",
      " 13  GenHealth         319795 non-null  object \n",
      " 14  SleepTime         319795 non-null  float64\n",
      " 15  Asthma            319795 non-null  object \n",
      " 16  KidneyDisease     319795 non-null  object \n",
      " 17  SkinCancer        319795 non-null  object \n",
      "dtypes: float64(4), object(14)\n",
      "memory usage: 43.9+ MB\n"
     ]
    }
   ],
   "source": [
    "df.info()"
   ]
  },
  {
   "cell_type": "code",
   "execution_count": 4,
   "metadata": {
    "collapsed": false
   },
   "outputs": [
    {
     "data": {
      "text/html": [
       "<div>\n",
       "<style scoped>\n",
       "    .dataframe tbody tr th:only-of-type {\n",
       "        vertical-align: middle;\n",
       "    }\n",
       "\n",
       "    .dataframe tbody tr th {\n",
       "        vertical-align: top;\n",
       "    }\n",
       "\n",
       "    .dataframe thead th {\n",
       "        text-align: right;\n",
       "    }\n",
       "</style>\n",
       "<table border=\"1\" class=\"dataframe\">\n",
       "  <thead>\n",
       "    <tr style=\"text-align: right;\">\n",
       "      <th></th>\n",
       "      <th>HeartDisease</th>\n",
       "      <th>BMI</th>\n",
       "      <th>Smoking</th>\n",
       "      <th>AlcoholDrinking</th>\n",
       "      <th>Stroke</th>\n",
       "      <th>PhysicalHealth</th>\n",
       "      <th>MentalHealth</th>\n",
       "      <th>DiffWalking</th>\n",
       "      <th>Sex</th>\n",
       "      <th>AgeCategory</th>\n",
       "      <th>Race</th>\n",
       "      <th>Diabetic</th>\n",
       "      <th>PhysicalActivity</th>\n",
       "      <th>GenHealth</th>\n",
       "      <th>SleepTime</th>\n",
       "      <th>Asthma</th>\n",
       "      <th>KidneyDisease</th>\n",
       "      <th>SkinCancer</th>\n",
       "    </tr>\n",
       "  </thead>\n",
       "  <tbody>\n",
       "    <tr>\n",
       "      <th>0</th>\n",
       "      <td>No</td>\n",
       "      <td>16.60</td>\n",
       "      <td>Yes</td>\n",
       "      <td>No</td>\n",
       "      <td>No</td>\n",
       "      <td>3.0</td>\n",
       "      <td>30.0</td>\n",
       "      <td>No</td>\n",
       "      <td>Female</td>\n",
       "      <td>55-59</td>\n",
       "      <td>White</td>\n",
       "      <td>Yes</td>\n",
       "      <td>Yes</td>\n",
       "      <td>Very good</td>\n",
       "      <td>5.0</td>\n",
       "      <td>Yes</td>\n",
       "      <td>No</td>\n",
       "      <td>Yes</td>\n",
       "    </tr>\n",
       "    <tr>\n",
       "      <th>1</th>\n",
       "      <td>No</td>\n",
       "      <td>20.34</td>\n",
       "      <td>No</td>\n",
       "      <td>No</td>\n",
       "      <td>Yes</td>\n",
       "      <td>0.0</td>\n",
       "      <td>0.0</td>\n",
       "      <td>No</td>\n",
       "      <td>Female</td>\n",
       "      <td>80 or older</td>\n",
       "      <td>White</td>\n",
       "      <td>No</td>\n",
       "      <td>Yes</td>\n",
       "      <td>Very good</td>\n",
       "      <td>7.0</td>\n",
       "      <td>No</td>\n",
       "      <td>No</td>\n",
       "      <td>No</td>\n",
       "    </tr>\n",
       "    <tr>\n",
       "      <th>2</th>\n",
       "      <td>No</td>\n",
       "      <td>26.58</td>\n",
       "      <td>Yes</td>\n",
       "      <td>No</td>\n",
       "      <td>No</td>\n",
       "      <td>20.0</td>\n",
       "      <td>30.0</td>\n",
       "      <td>No</td>\n",
       "      <td>Male</td>\n",
       "      <td>65-69</td>\n",
       "      <td>White</td>\n",
       "      <td>Yes</td>\n",
       "      <td>Yes</td>\n",
       "      <td>Fair</td>\n",
       "      <td>8.0</td>\n",
       "      <td>Yes</td>\n",
       "      <td>No</td>\n",
       "      <td>No</td>\n",
       "    </tr>\n",
       "    <tr>\n",
       "      <th>3</th>\n",
       "      <td>No</td>\n",
       "      <td>24.21</td>\n",
       "      <td>No</td>\n",
       "      <td>No</td>\n",
       "      <td>No</td>\n",
       "      <td>0.0</td>\n",
       "      <td>0.0</td>\n",
       "      <td>No</td>\n",
       "      <td>Female</td>\n",
       "      <td>75-79</td>\n",
       "      <td>White</td>\n",
       "      <td>No</td>\n",
       "      <td>No</td>\n",
       "      <td>Good</td>\n",
       "      <td>6.0</td>\n",
       "      <td>No</td>\n",
       "      <td>No</td>\n",
       "      <td>Yes</td>\n",
       "    </tr>\n",
       "    <tr>\n",
       "      <th>4</th>\n",
       "      <td>No</td>\n",
       "      <td>23.71</td>\n",
       "      <td>No</td>\n",
       "      <td>No</td>\n",
       "      <td>No</td>\n",
       "      <td>28.0</td>\n",
       "      <td>0.0</td>\n",
       "      <td>Yes</td>\n",
       "      <td>Female</td>\n",
       "      <td>40-44</td>\n",
       "      <td>White</td>\n",
       "      <td>No</td>\n",
       "      <td>Yes</td>\n",
       "      <td>Very good</td>\n",
       "      <td>8.0</td>\n",
       "      <td>No</td>\n",
       "      <td>No</td>\n",
       "      <td>No</td>\n",
       "    </tr>\n",
       "  </tbody>\n",
       "</table>\n",
       "</div>"
      ],
      "text/plain": [
       "  HeartDisease    BMI Smoking AlcoholDrinking Stroke  PhysicalHealth  \\\n",
       "0           No  16.60     Yes              No     No             3.0   \n",
       "1           No  20.34      No              No    Yes             0.0   \n",
       "2           No  26.58     Yes              No     No            20.0   \n",
       "3           No  24.21      No              No     No             0.0   \n",
       "4           No  23.71      No              No     No            28.0   \n",
       "\n",
       "   MentalHealth DiffWalking     Sex  AgeCategory   Race Diabetic  \\\n",
       "0          30.0          No  Female        55-59  White      Yes   \n",
       "1           0.0          No  Female  80 or older  White       No   \n",
       "2          30.0          No    Male        65-69  White      Yes   \n",
       "3           0.0          No  Female        75-79  White       No   \n",
       "4           0.0         Yes  Female        40-44  White       No   \n",
       "\n",
       "  PhysicalActivity  GenHealth  SleepTime Asthma KidneyDisease SkinCancer  \n",
       "0              Yes  Very good        5.0    Yes            No        Yes  \n",
       "1              Yes  Very good        7.0     No            No         No  \n",
       "2              Yes       Fair        8.0    Yes            No         No  \n",
       "3               No       Good        6.0     No            No        Yes  \n",
       "4              Yes  Very good        8.0     No            No         No  "
      ]
     },
     "execution_count": 4,
     "metadata": {
     },
     "output_type": "execute_result"
    }
   ],
   "source": [
    "df.head()"
   ]
  },
  {
   "cell_type": "code",
   "execution_count": 5,
   "metadata": {
    "collapsed": false
   },
   "outputs": [
    {
     "data": {
      "text/html": [
       "<div>\n",
       "<style scoped>\n",
       "    .dataframe tbody tr th:only-of-type {\n",
       "        vertical-align: middle;\n",
       "    }\n",
       "\n",
       "    .dataframe tbody tr th {\n",
       "        vertical-align: top;\n",
       "    }\n",
       "\n",
       "    .dataframe thead th {\n",
       "        text-align: right;\n",
       "    }\n",
       "</style>\n",
       "<table border=\"1\" class=\"dataframe\">\n",
       "  <thead>\n",
       "    <tr style=\"text-align: right;\">\n",
       "      <th></th>\n",
       "      <th>HeartDisease</th>\n",
       "      <th>BMI</th>\n",
       "      <th>Smoking</th>\n",
       "      <th>AlcoholDrinking</th>\n",
       "      <th>Stroke</th>\n",
       "      <th>PhysicalHealth</th>\n",
       "      <th>MentalHealth</th>\n",
       "      <th>DiffWalking</th>\n",
       "      <th>Sex</th>\n",
       "      <th>AgeCategory</th>\n",
       "      <th>Race</th>\n",
       "      <th>Diabetic</th>\n",
       "      <th>PhysicalActivity</th>\n",
       "      <th>GenHealth</th>\n",
       "      <th>SleepTime</th>\n",
       "      <th>Asthma</th>\n",
       "      <th>KidneyDisease</th>\n",
       "      <th>SkinCancer</th>\n",
       "    </tr>\n",
       "  </thead>\n",
       "  <tbody>\n",
       "    <tr>\n",
       "      <th>0</th>\n",
       "      <td>0</td>\n",
       "      <td>16.60</td>\n",
       "      <td>1</td>\n",
       "      <td>0</td>\n",
       "      <td>0</td>\n",
       "      <td>3.0</td>\n",
       "      <td>30.0</td>\n",
       "      <td>0</td>\n",
       "      <td>0</td>\n",
       "      <td>55-59</td>\n",
       "      <td>White</td>\n",
       "      <td>1</td>\n",
       "      <td>1</td>\n",
       "      <td>Very good</td>\n",
       "      <td>5.0</td>\n",
       "      <td>1</td>\n",
       "      <td>0</td>\n",
       "      <td>1</td>\n",
       "    </tr>\n",
       "    <tr>\n",
       "      <th>1</th>\n",
       "      <td>0</td>\n",
       "      <td>20.34</td>\n",
       "      <td>0</td>\n",
       "      <td>0</td>\n",
       "      <td>1</td>\n",
       "      <td>0.0</td>\n",
       "      <td>0.0</td>\n",
       "      <td>0</td>\n",
       "      <td>0</td>\n",
       "      <td>80 or older</td>\n",
       "      <td>White</td>\n",
       "      <td>0</td>\n",
       "      <td>1</td>\n",
       "      <td>Very good</td>\n",
       "      <td>7.0</td>\n",
       "      <td>0</td>\n",
       "      <td>0</td>\n",
       "      <td>0</td>\n",
       "    </tr>\n",
       "    <tr>\n",
       "      <th>2</th>\n",
       "      <td>0</td>\n",
       "      <td>26.58</td>\n",
       "      <td>1</td>\n",
       "      <td>0</td>\n",
       "      <td>0</td>\n",
       "      <td>20.0</td>\n",
       "      <td>30.0</td>\n",
       "      <td>0</td>\n",
       "      <td>1</td>\n",
       "      <td>65-69</td>\n",
       "      <td>White</td>\n",
       "      <td>1</td>\n",
       "      <td>1</td>\n",
       "      <td>Fair</td>\n",
       "      <td>8.0</td>\n",
       "      <td>1</td>\n",
       "      <td>0</td>\n",
       "      <td>0</td>\n",
       "    </tr>\n",
       "    <tr>\n",
       "      <th>3</th>\n",
       "      <td>0</td>\n",
       "      <td>24.21</td>\n",
       "      <td>0</td>\n",
       "      <td>0</td>\n",
       "      <td>0</td>\n",
       "      <td>0.0</td>\n",
       "      <td>0.0</td>\n",
       "      <td>0</td>\n",
       "      <td>0</td>\n",
       "      <td>75-79</td>\n",
       "      <td>White</td>\n",
       "      <td>0</td>\n",
       "      <td>0</td>\n",
       "      <td>Good</td>\n",
       "      <td>6.0</td>\n",
       "      <td>0</td>\n",
       "      <td>0</td>\n",
       "      <td>1</td>\n",
       "    </tr>\n",
       "    <tr>\n",
       "      <th>4</th>\n",
       "      <td>0</td>\n",
       "      <td>23.71</td>\n",
       "      <td>0</td>\n",
       "      <td>0</td>\n",
       "      <td>0</td>\n",
       "      <td>28.0</td>\n",
       "      <td>0.0</td>\n",
       "      <td>1</td>\n",
       "      <td>0</td>\n",
       "      <td>40-44</td>\n",
       "      <td>White</td>\n",
       "      <td>0</td>\n",
       "      <td>1</td>\n",
       "      <td>Very good</td>\n",
       "      <td>8.0</td>\n",
       "      <td>0</td>\n",
       "      <td>0</td>\n",
       "      <td>0</td>\n",
       "    </tr>\n",
       "  </tbody>\n",
       "</table>\n",
       "</div>"
      ],
      "text/plain": [
       "   HeartDisease    BMI  Smoking  AlcoholDrinking  Stroke  PhysicalHealth  \\\n",
       "0             0  16.60        1                0       0             3.0   \n",
       "1             0  20.34        0                0       1             0.0   \n",
       "2             0  26.58        1                0       0            20.0   \n",
       "3             0  24.21        0                0       0             0.0   \n",
       "4             0  23.71        0                0       0            28.0   \n",
       "\n",
       "   MentalHealth  DiffWalking  Sex  AgeCategory   Race  Diabetic  \\\n",
       "0          30.0            0    0        55-59  White         1   \n",
       "1           0.0            0    0  80 or older  White         0   \n",
       "2          30.0            0    1        65-69  White         1   \n",
       "3           0.0            0    0        75-79  White         0   \n",
       "4           0.0            1    0        40-44  White         0   \n",
       "\n",
       "   PhysicalActivity  GenHealth  SleepTime  Asthma  KidneyDisease  SkinCancer  \n",
       "0                 1  Very good        5.0       1              0           1  \n",
       "1                 1  Very good        7.0       0              0           0  \n",
       "2                 1       Fair        8.0       1              0           0  \n",
       "3                 0       Good        6.0       0              0           1  \n",
       "4                 1  Very good        8.0       0              0           0  "
      ]
     },
     "execution_count": 5,
     "metadata": {
     },
     "output_type": "execute_result"
    }
   ],
   "source": [
    "df['HeartDisease'] = df['HeartDisease'].apply(lambda x: 1 if x == 'Yes' else 0)\n",
    "df['Smoking'] = df['Smoking'].apply(lambda x: 1 if x == 'Yes' else 0)\n",
    "df['AlcoholDrinking'] = df['AlcoholDrinking'].apply(lambda x: 1 if x == 'Yes' else 0)\n",
    "df['Stroke'] = df['Stroke'].apply(lambda x: 1 if x == 'Yes' else 0)\n",
    "df['DiffWalking'] = df['DiffWalking'].apply(lambda x: 1 if x == 'Yes' else 0)\n",
    "df['Diabetic'] = df['Diabetic'].apply(lambda x: 1 if x == 'Yes' else 0)\n",
    "df['PhysicalActivity'] = df['PhysicalActivity'].apply(lambda x: 1 if x == 'Yes' else 0)\n",
    "df['Asthma'] = df['Asthma'].apply(lambda x: 1 if x == 'Yes' else 0)\n",
    "df['KidneyDisease'] = df['KidneyDisease'].apply(lambda x: 1 if x == 'Yes' else 0)\n",
    "df['SkinCancer'] = df['SkinCancer'].apply(lambda x: 1 if x == 'Yes' else 0)\n",
    "df['Sex'] = df['Sex'].apply(lambda x: 1 if x == 'Male' else 0)\n",
    "df.head()"
   ]
  },
  {
   "cell_type": "code",
   "execution_count": 6,
   "metadata": {
    "collapsed": false
   },
   "outputs": [
    {
     "name": "stdout",
     "output_type": "stream",
     "text": [
      "<class 'pandas.core.frame.DataFrame'>\n",
      "RangeIndex: 319795 entries, 0 to 319794\n",
      "Data columns (total 18 columns):\n",
      " #   Column            Non-Null Count   Dtype  \n",
      "---  ------            --------------   -----  \n",
      " 0   HeartDisease      319795 non-null  int64  \n",
      " 1   BMI               319795 non-null  float64\n",
      " 2   Smoking           319795 non-null  int64  \n",
      " 3   AlcoholDrinking   319795 non-null  int64  \n",
      " 4   Stroke            319795 non-null  int64  \n",
      " 5   PhysicalHealth    319795 non-null  float64\n",
      " 6   MentalHealth      319795 non-null  float64\n",
      " 7   DiffWalking       319795 non-null  int64  \n",
      " 8   Sex               319795 non-null  int64  \n",
      " 9   AgeCategory       319795 non-null  object \n",
      " 10  Race              319795 non-null  object \n",
      " 11  Diabetic          319795 non-null  int64  \n",
      " 12  PhysicalActivity  319795 non-null  int64  \n",
      " 13  GenHealth         319795 non-null  object \n",
      " 14  SleepTime         319795 non-null  float64\n",
      " 15  Asthma            319795 non-null  int64  \n",
      " 16  KidneyDisease     319795 non-null  int64  \n",
      " 17  SkinCancer        319795 non-null  int64  \n",
      "dtypes: float64(4), int64(11), object(3)\n",
      "memory usage: 43.9+ MB\n"
     ]
    }
   ],
   "source": [
    "df.info()"
   ]
  },
  {
   "cell_type": "code",
   "execution_count": 7,
   "metadata": {
    "collapsed": false
   },
   "outputs": [
    {
     "data": {
      "text/plain": [
       "array(['55-59', '80 or older', '65-69', '75-79', '40-44', '70-74',\n",
       "       '60-64', '50-54', '45-49', '18-24', '35-39', '30-34', '25-29'],\n",
       "      dtype=object)"
      ]
     },
     "execution_count": 7,
     "metadata": {
     },
     "output_type": "execute_result"
    }
   ],
   "source": [
    "df['AgeCategory'].unique()"
   ]
  },
  {
   "cell_type": "code",
   "execution_count": 8,
   "metadata": {
    "collapsed": false
   },
   "outputs": [
   ],
   "source": [
    "age_dict = {'55-59':8, '80 or older':13, '65-69':10, '75-79':12, '40-44':5, '70-74':11,\n",
    "       '60-64':9, '50-54':7, '45-49':6, '18-24':1, '35-39':4, '30-34':3, '25-29':2}\n",
    "\n",
    "df['AgeCategory'] = df['AgeCategory'].apply(lambda x: age_dict[x])"
   ]
  },
  {
   "cell_type": "code",
   "execution_count": 9,
   "metadata": {
    "collapsed": false
   },
   "outputs": [
    {
     "data": {
      "text/plain": [
       "array(['Very good', 'Fair', 'Good', 'Poor', 'Excellent'], dtype=object)"
      ]
     },
     "execution_count": 9,
     "metadata": {
     },
     "output_type": "execute_result"
    }
   ],
   "source": [
    "df['GenHealth'].unique()"
   ]
  },
  {
   "cell_type": "code",
   "execution_count": 10,
   "metadata": {
    "collapsed": false
   },
   "outputs": [
   ],
   "source": [
    "health_dict = {'Very good':4, 'Fair':2, 'Good':3, 'Poor':1, 'Excellent':5}\n",
    "\n",
    "df['GenHealth'] = df['GenHealth'].apply(lambda x: health_dict[x])"
   ]
  },
  {
   "cell_type": "code",
   "execution_count": 11,
   "metadata": {
    "collapsed": false
   },
   "outputs": [
    {
     "name": "stdout",
     "output_type": "stream",
     "text": [
      "<class 'pandas.core.frame.DataFrame'>\n",
      "RangeIndex: 319795 entries, 0 to 319794\n",
      "Data columns (total 18 columns):\n",
      " #   Column            Non-Null Count   Dtype  \n",
      "---  ------            --------------   -----  \n",
      " 0   HeartDisease      319795 non-null  int64  \n",
      " 1   BMI               319795 non-null  float64\n",
      " 2   Smoking           319795 non-null  int64  \n",
      " 3   AlcoholDrinking   319795 non-null  int64  \n",
      " 4   Stroke            319795 non-null  int64  \n",
      " 5   PhysicalHealth    319795 non-null  float64\n",
      " 6   MentalHealth      319795 non-null  float64\n",
      " 7   DiffWalking       319795 non-null  int64  \n",
      " 8   Sex               319795 non-null  int64  \n",
      " 9   AgeCategory       319795 non-null  int64  \n",
      " 10  Race              319795 non-null  object \n",
      " 11  Diabetic          319795 non-null  int64  \n",
      " 12  PhysicalActivity  319795 non-null  int64  \n",
      " 13  GenHealth         319795 non-null  int64  \n",
      " 14  SleepTime         319795 non-null  float64\n",
      " 15  Asthma            319795 non-null  int64  \n",
      " 16  KidneyDisease     319795 non-null  int64  \n",
      " 17  SkinCancer        319795 non-null  int64  \n",
      "dtypes: float64(4), int64(13), object(1)\n",
      "memory usage: 43.9+ MB\n"
     ]
    }
   ],
   "source": [
    "df.info()"
   ]
  },
  {
   "cell_type": "code",
   "execution_count": 12,
   "metadata": {
    "collapsed": false
   },
   "outputs": [
    {
     "data": {
      "text/plain": [
       "array(['White', 'Black', 'Asian', 'American Indian/Alaskan Native',\n",
       "       'Other', 'Hispanic'], dtype=object)"
      ]
     },
     "execution_count": 12,
     "metadata": {
     },
     "output_type": "execute_result"
    }
   ],
   "source": [
    "df['Race'].unique()"
   ]
  },
  {
   "cell_type": "code",
   "execution_count": 13,
   "metadata": {
    "collapsed": false
   },
   "outputs": [
   ],
   "source": [
    "# HANDLE GENDER/RACE HERE"
   ]
  },
  {
   "cell_type": "code",
   "execution_count": 14,
   "metadata": {
    "collapsed": false
   },
   "outputs": [
    {
     "data": {
      "text/html": "<html>\n<head><meta charset=\"utf-8\" /></head>\n<body>\n    <div>            <script src=\"https://cdnjs.cloudflare.com/ajax/libs/mathjax/2.7.5/MathJax.js?config=TeX-AMS-MML_SVG\"></script><script type=\"text/javascript\">if (window.MathJax) {MathJax.Hub.Config({SVG: {font: \"STIX-Web\"}});}</script>                <script type=\"text/javascript\">window.PlotlyConfig = {MathJaxConfig: 'local'};</script>\n        <script src=\"https://cdn.plot.ly/plotly-2.9.0.min.js\"></script>                <div id=\"a14ff46f-a0c2-42e0-84ab-0bb94cbf80f9\" class=\"plotly-graph-div\" style=\"height:700px; width:100%;\"></div>            <script type=\"text/javascript\">                                    window.PLOTLYENV=window.PLOTLYENV || {};                                    if (document.getElementById(\"a14ff46f-a0c2-42e0-84ab-0bb94cbf80f9\")) {                    Plotly.newPlot(                        \"a14ff46f-a0c2-42e0-84ab-0bb94cbf80f9\",                        [{\"coloraxis\":\"coloraxis\",\"name\":\"0\",\"x\":[\"HeartDisease\",\"BMI\",\"Smoking\",\"AlcoholDrinking\",\"Stroke\",\"PhysicalHealth\",\"MentalHealth\",\"DiffWalking\",\"Sex\",\"AgeCategory\",\"Diabetic\",\"PhysicalActivity\",\"GenHealth\",\"SleepTime\",\"Asthma\",\"KidneyDisease\",\"SkinCancer\"],\"y\":[\"HeartDisease\",\"BMI\",\"Smoking\",\"AlcoholDrinking\",\"Stroke\",\"PhysicalHealth\",\"MentalHealth\",\"DiffWalking\",\"Sex\",\"AgeCategory\",\"Diabetic\",\"PhysicalActivity\",\"GenHealth\",\"SleepTime\",\"Asthma\",\"KidneyDisease\",\"SkinCancer\"],\"z\":[[1.0,0.05180319065574553,0.10776415602593577,-0.03207974262500417,0.19683529884287068,0.17072097196616873,0.028590714546906277,0.2012580485737773,0.07004047624891856,0.23343223812190517,0.18307169682032715,-0.10002993385404217,-0.24318245834006777,0.008326646858285852,0.04144415110032234,0.14519709877256354,0.09331687769597886],[0.05180319065574553,1.0,0.02311811243269914,-0.0388162230223019,0.019732982346395072,0.10978754360967981,0.06413056947152626,0.18167826388865674,0.026939645259099358,-0.004743989022917578,0.20349379811079332,-0.15061599390257635,-0.2307197801555852,-0.0518222539989217,0.09234501900622406,0.05076753286252695,-0.033643618515338765],[0.10776415602593577,0.02311811243269914,1.0,0.11176752021942088,0.06122603951647455,0.11535241394047427,0.08515728503775283,0.12007416384008394,0.08505248562950851,0.12833089278289062,0.05843388781996886,-0.0971737659539628,-0.17471733383492744,-0.030335635088081056,0.024148532018300563,0.03491968628492668,0.03397738727204867],[-0.03207974262500417,-0.0388162230223019,0.11176752021942088,1.0,-0.01985791423814558,-0.017254288322825474,0.051281972821896955,-0.03532758282688487,0.004200142395935715,-0.05952789260462739,-0.05820831449296603,0.01748698277743856,0.029780388324529495,-0.005065450833865205,-0.0022021002378207716,-0.028280091717843844,-0.005702370452955972],[0.19683529884287068,0.019732982346395072,0.06122603951647455,-0.01985791423814558,1.0,0.13701382711696222,0.04646706132163426,0.17414321368906785,-0.0030910549780765223,0.13782245776152574,0.10840663007385744,-0.0794551948440212,-0.16809004885779183,0.011899980960583199,0.03886614032726421,0.09116684064825993,0.04811610449906195],[0.17072097196616873,0.10978754360967981,0.11535241394047427,-0.017254288322825474,0.13701382711696222,1.0,0.2879866740873284,0.4283727985461515,-0.04090383931301892,0.11076313038580238,0.15820728547371923,-0.2322831770768191,-0.48269717646201915,-0.061386631929493576,0.11790658022328045,0.14219718483824162,0.041699685481714016],[0.028590714546906277,0.06413056947152626,0.08515728503775283,0.051281972821896955,0.04646706132163426,0.2879866740873284,1.0,0.15223466914599676,-0.10005847280447484,-0.15550551892527517,0.025480259003770305,-0.09580810490226965,-0.24162528460281932,-0.119716788031423,0.11400817442476183,0.03728112808809574,-0.033412190709220635],[0.2012580485737773,0.18167826388865674,0.12007416384008394,-0.03532758282688487,0.17414321368906785,0.4283727985461515,0.15223466914599676,1.0,-0.06885955945150612,0.24326302695092247,0.21660542173819866,-0.2785239644744156,-0.4137973509446548,-0.022216357334954015,0.10322204883284222,0.15306375213121043,0.06484040178427677],[0.07004047624891856,0.026939645259099358,0.08505248562950851,0.004200142395935715,-0.0030910549780765223,-0.04090383931301892,-0.10005847280447484,-0.06885955945150612,1.0,-0.06747840712067651,0.020718335146394356,0.048246845809630415,0.025947385479701893,-0.015703748280607964,-0.06919111638314385,-0.009083858389322482,0.01343379974373332],[0.23343223812190517,-0.004743989022917578,0.12833089278289062,-0.05952789260462739,0.13782245776152574,0.11076313038580238,-0.15550551892527517,0.24326302695092247,-0.06747840712067651,1.0,0.2111738127286546,-0.12168709046223383,-0.18838061980881188,0.10495321700851737,-0.058108429647391,0.1231902506383717,0.26353656564712324],[0.18307169682032715,0.20349379811079332,0.05843388781996886,-0.05820831449296603,0.10840663007385744,0.15820728547371923,0.025480259003770305,0.21660542173819866,0.020718335146394356,0.2111738127286546,1.0,-0.14057145211845468,-0.2769903106250229,0.006658469318214919,0.044565188668361115,0.15426766403401226,0.037663292822002904],[-0.10002993385404217,-0.15061599390257635,-0.0971737659539628,0.01748698277743856,-0.0794551948440212,-0.2322831770768191,-0.09580810490226965,-0.2785239644744156,0.048246845809630415,-0.12168709046223383,-0.14057145211845468,1.0,0.28124877406104265,0.003848841379443475,-0.0415258817742273,-0.0818273214414323,-0.0013278104683075525],[-0.24318245834006777,-0.2307197801555852,-0.17471733383492744,0.029780388324529495,-0.16809004885779183,-0.48269717646201915,-0.24162528460281932,-0.4137973509446548,0.025947385479701893,-0.18838061980881188,-0.2769903106250229,0.28124877406104265,1.0,0.06307101241877451,-0.1373424390246677,-0.17464226936425994,-0.05064136740151374],[0.008326646858285852,-0.0518222539989217,-0.030335635088081056,-0.005065450833865205,0.011899980960583199,-0.061386631929493576,-0.119716788031423,-0.022216357334954015,-0.015703748280607964,0.10495321700851737,0.006658469318214919,0.003848841379443475,0.06307101241877451,1.0,-0.048245280308050364,0.006237934101449148,0.04126616748652794],[0.04144415110032234,0.09234501900622406,0.024148532018300563,-0.0022021002378207716,0.03886614032726421,0.11790658022328045,0.11400817442476183,0.10322204883284222,-0.06919111638314385,-0.058108429647391,0.044565188668361115,-0.0415258817742273,-0.1373424390246677,-0.048245280308050364,1.0,0.03970700033814702,-0.0003964769423400938],[0.14519709877256354,0.05076753286252695,0.03491968628492668,-0.028280091717843844,0.09116684064825993,0.14219718483824162,0.03728112808809574,0.15306375213121043,-0.009083858389322482,0.1231902506383717,0.15426766403401226,-0.0818273214414323,-0.17464226936425994,0.006237934101449148,0.03970700033814702,1.0,0.06181621651419233],[0.09331687769597886,-0.033643618515338765,0.03397738727204867,-0.005702370452955972,0.04811610449906195,0.041699685481714016,-0.033412190709220635,0.06484040178427677,0.01343379974373332,0.26353656564712324,0.037663292822002904,-0.0013278104683075525,-0.05064136740151374,0.04126616748652794,-0.0003964769423400938,0.06181621651419233,1.0]],\"type\":\"heatmap\",\"xaxis\":\"x\",\"yaxis\":\"y\",\"hovertemplate\":\"x: %{x}<br>y: %{y}<br>color: %{z}<extra></extra>\"}],                        {\"template\":{\"data\":{\"bar\":[{\"error_x\":{\"color\":\"#2a3f5f\"},\"error_y\":{\"color\":\"#2a3f5f\"},\"marker\":{\"line\":{\"color\":\"#E5ECF6\",\"width\":0.5},\"pattern\":{\"fillmode\":\"overlay\",\"size\":10,\"solidity\":0.2}},\"type\":\"bar\"}],\"barpolar\":[{\"marker\":{\"line\":{\"color\":\"#E5ECF6\",\"width\":0.5},\"pattern\":{\"fillmode\":\"overlay\",\"size\":10,\"solidity\":0.2}},\"type\":\"barpolar\"}],\"carpet\":[{\"aaxis\":{\"endlinecolor\":\"#2a3f5f\",\"gridcolor\":\"white\",\"linecolor\":\"white\",\"minorgridcolor\":\"white\",\"startlinecolor\":\"#2a3f5f\"},\"baxis\":{\"endlinecolor\":\"#2a3f5f\",\"gridcolor\":\"white\",\"linecolor\":\"white\",\"minorgridcolor\":\"white\",\"startlinecolor\":\"#2a3f5f\"},\"type\":\"carpet\"}],\"choropleth\":[{\"colorbar\":{\"outlinewidth\":0,\"ticks\":\"\"},\"type\":\"choropleth\"}],\"contour\":[{\"colorbar\":{\"outlinewidth\":0,\"ticks\":\"\"},\"colorscale\":[[0.0,\"#0d0887\"],[0.1111111111111111,\"#46039f\"],[0.2222222222222222,\"#7201a8\"],[0.3333333333333333,\"#9c179e\"],[0.4444444444444444,\"#bd3786\"],[0.5555555555555556,\"#d8576b\"],[0.6666666666666666,\"#ed7953\"],[0.7777777777777778,\"#fb9f3a\"],[0.8888888888888888,\"#fdca26\"],[1.0,\"#f0f921\"]],\"type\":\"contour\"}],\"contourcarpet\":[{\"colorbar\":{\"outlinewidth\":0,\"ticks\":\"\"},\"type\":\"contourcarpet\"}],\"heatmap\":[{\"colorbar\":{\"outlinewidth\":0,\"ticks\":\"\"},\"colorscale\":[[0.0,\"#0d0887\"],[0.1111111111111111,\"#46039f\"],[0.2222222222222222,\"#7201a8\"],[0.3333333333333333,\"#9c179e\"],[0.4444444444444444,\"#bd3786\"],[0.5555555555555556,\"#d8576b\"],[0.6666666666666666,\"#ed7953\"],[0.7777777777777778,\"#fb9f3a\"],[0.8888888888888888,\"#fdca26\"],[1.0,\"#f0f921\"]],\"type\":\"heatmap\"}],\"heatmapgl\":[{\"colorbar\":{\"outlinewidth\":0,\"ticks\":\"\"},\"colorscale\":[[0.0,\"#0d0887\"],[0.1111111111111111,\"#46039f\"],[0.2222222222222222,\"#7201a8\"],[0.3333333333333333,\"#9c179e\"],[0.4444444444444444,\"#bd3786\"],[0.5555555555555556,\"#d8576b\"],[0.6666666666666666,\"#ed7953\"],[0.7777777777777778,\"#fb9f3a\"],[0.8888888888888888,\"#fdca26\"],[1.0,\"#f0f921\"]],\"type\":\"heatmapgl\"}],\"histogram\":[{\"marker\":{\"pattern\":{\"fillmode\":\"overlay\",\"size\":10,\"solidity\":0.2}},\"type\":\"histogram\"}],\"histogram2d\":[{\"colorbar\":{\"outlinewidth\":0,\"ticks\":\"\"},\"colorscale\":[[0.0,\"#0d0887\"],[0.1111111111111111,\"#46039f\"],[0.2222222222222222,\"#7201a8\"],[0.3333333333333333,\"#9c179e\"],[0.4444444444444444,\"#bd3786\"],[0.5555555555555556,\"#d8576b\"],[0.6666666666666666,\"#ed7953\"],[0.7777777777777778,\"#fb9f3a\"],[0.8888888888888888,\"#fdca26\"],[1.0,\"#f0f921\"]],\"type\":\"histogram2d\"}],\"histogram2dcontour\":[{\"colorbar\":{\"outlinewidth\":0,\"ticks\":\"\"},\"colorscale\":[[0.0,\"#0d0887\"],[0.1111111111111111,\"#46039f\"],[0.2222222222222222,\"#7201a8\"],[0.3333333333333333,\"#9c179e\"],[0.4444444444444444,\"#bd3786\"],[0.5555555555555556,\"#d8576b\"],[0.6666666666666666,\"#ed7953\"],[0.7777777777777778,\"#fb9f3a\"],[0.8888888888888888,\"#fdca26\"],[1.0,\"#f0f921\"]],\"type\":\"histogram2dcontour\"}],\"mesh3d\":[{\"colorbar\":{\"outlinewidth\":0,\"ticks\":\"\"},\"type\":\"mesh3d\"}],\"parcoords\":[{\"line\":{\"colorbar\":{\"outlinewidth\":0,\"ticks\":\"\"}},\"type\":\"parcoords\"}],\"pie\":[{\"automargin\":true,\"type\":\"pie\"}],\"scatter\":[{\"marker\":{\"colorbar\":{\"outlinewidth\":0,\"ticks\":\"\"}},\"type\":\"scatter\"}],\"scatter3d\":[{\"line\":{\"colorbar\":{\"outlinewidth\":0,\"ticks\":\"\"}},\"marker\":{\"colorbar\":{\"outlinewidth\":0,\"ticks\":\"\"}},\"type\":\"scatter3d\"}],\"scattercarpet\":[{\"marker\":{\"colorbar\":{\"outlinewidth\":0,\"ticks\":\"\"}},\"type\":\"scattercarpet\"}],\"scattergeo\":[{\"marker\":{\"colorbar\":{\"outlinewidth\":0,\"ticks\":\"\"}},\"type\":\"scattergeo\"}],\"scattergl\":[{\"marker\":{\"colorbar\":{\"outlinewidth\":0,\"ticks\":\"\"}},\"type\":\"scattergl\"}],\"scattermapbox\":[{\"marker\":{\"colorbar\":{\"outlinewidth\":0,\"ticks\":\"\"}},\"type\":\"scattermapbox\"}],\"scatterpolar\":[{\"marker\":{\"colorbar\":{\"outlinewidth\":0,\"ticks\":\"\"}},\"type\":\"scatterpolar\"}],\"scatterpolargl\":[{\"marker\":{\"colorbar\":{\"outlinewidth\":0,\"ticks\":\"\"}},\"type\":\"scatterpolargl\"}],\"scatterternary\":[{\"marker\":{\"colorbar\":{\"outlinewidth\":0,\"ticks\":\"\"}},\"type\":\"scatterternary\"}],\"surface\":[{\"colorbar\":{\"outlinewidth\":0,\"ticks\":\"\"},\"colorscale\":[[0.0,\"#0d0887\"],[0.1111111111111111,\"#46039f\"],[0.2222222222222222,\"#7201a8\"],[0.3333333333333333,\"#9c179e\"],[0.4444444444444444,\"#bd3786\"],[0.5555555555555556,\"#d8576b\"],[0.6666666666666666,\"#ed7953\"],[0.7777777777777778,\"#fb9f3a\"],[0.8888888888888888,\"#fdca26\"],[1.0,\"#f0f921\"]],\"type\":\"surface\"}],\"table\":[{\"cells\":{\"fill\":{\"color\":\"#EBF0F8\"},\"line\":{\"color\":\"white\"}},\"header\":{\"fill\":{\"color\":\"#C8D4E3\"},\"line\":{\"color\":\"white\"}},\"type\":\"table\"}]},\"layout\":{\"annotationdefaults\":{\"arrowcolor\":\"#2a3f5f\",\"arrowhead\":0,\"arrowwidth\":1},\"autotypenumbers\":\"strict\",\"coloraxis\":{\"colorbar\":{\"outlinewidth\":0,\"ticks\":\"\"}},\"colorscale\":{\"diverging\":[[0,\"#8e0152\"],[0.1,\"#c51b7d\"],[0.2,\"#de77ae\"],[0.3,\"#f1b6da\"],[0.4,\"#fde0ef\"],[0.5,\"#f7f7f7\"],[0.6,\"#e6f5d0\"],[0.7,\"#b8e186\"],[0.8,\"#7fbc41\"],[0.9,\"#4d9221\"],[1,\"#276419\"]],\"sequential\":[[0.0,\"#0d0887\"],[0.1111111111111111,\"#46039f\"],[0.2222222222222222,\"#7201a8\"],[0.3333333333333333,\"#9c179e\"],[0.4444444444444444,\"#bd3786\"],[0.5555555555555556,\"#d8576b\"],[0.6666666666666666,\"#ed7953\"],[0.7777777777777778,\"#fb9f3a\"],[0.8888888888888888,\"#fdca26\"],[1.0,\"#f0f921\"]],\"sequentialminus\":[[0.0,\"#0d0887\"],[0.1111111111111111,\"#46039f\"],[0.2222222222222222,\"#7201a8\"],[0.3333333333333333,\"#9c179e\"],[0.4444444444444444,\"#bd3786\"],[0.5555555555555556,\"#d8576b\"],[0.6666666666666666,\"#ed7953\"],[0.7777777777777778,\"#fb9f3a\"],[0.8888888888888888,\"#fdca26\"],[1.0,\"#f0f921\"]]},\"colorway\":[\"#636efa\",\"#EF553B\",\"#00cc96\",\"#ab63fa\",\"#FFA15A\",\"#19d3f3\",\"#FF6692\",\"#B6E880\",\"#FF97FF\",\"#FECB52\"],\"font\":{\"color\":\"#2a3f5f\"},\"geo\":{\"bgcolor\":\"white\",\"lakecolor\":\"white\",\"landcolor\":\"#E5ECF6\",\"showlakes\":true,\"showland\":true,\"subunitcolor\":\"white\"},\"hoverlabel\":{\"align\":\"left\"},\"hovermode\":\"closest\",\"mapbox\":{\"style\":\"light\"},\"paper_bgcolor\":\"white\",\"plot_bgcolor\":\"#E5ECF6\",\"polar\":{\"angularaxis\":{\"gridcolor\":\"white\",\"linecolor\":\"white\",\"ticks\":\"\"},\"bgcolor\":\"#E5ECF6\",\"radialaxis\":{\"gridcolor\":\"white\",\"linecolor\":\"white\",\"ticks\":\"\"}},\"scene\":{\"xaxis\":{\"backgroundcolor\":\"#E5ECF6\",\"gridcolor\":\"white\",\"gridwidth\":2,\"linecolor\":\"white\",\"showbackground\":true,\"ticks\":\"\",\"zerolinecolor\":\"white\"},\"yaxis\":{\"backgroundcolor\":\"#E5ECF6\",\"gridcolor\":\"white\",\"gridwidth\":2,\"linecolor\":\"white\",\"showbackground\":true,\"ticks\":\"\",\"zerolinecolor\":\"white\"},\"zaxis\":{\"backgroundcolor\":\"#E5ECF6\",\"gridcolor\":\"white\",\"gridwidth\":2,\"linecolor\":\"white\",\"showbackground\":true,\"ticks\":\"\",\"zerolinecolor\":\"white\"}},\"shapedefaults\":{\"line\":{\"color\":\"#2a3f5f\"}},\"ternary\":{\"aaxis\":{\"gridcolor\":\"white\",\"linecolor\":\"white\",\"ticks\":\"\"},\"baxis\":{\"gridcolor\":\"white\",\"linecolor\":\"white\",\"ticks\":\"\"},\"bgcolor\":\"#E5ECF6\",\"caxis\":{\"gridcolor\":\"white\",\"linecolor\":\"white\",\"ticks\":\"\"}},\"title\":{\"x\":0.05},\"xaxis\":{\"automargin\":true,\"gridcolor\":\"white\",\"linecolor\":\"white\",\"ticks\":\"\",\"title\":{\"standoff\":15},\"zerolinecolor\":\"white\",\"zerolinewidth\":2},\"yaxis\":{\"automargin\":true,\"gridcolor\":\"white\",\"linecolor\":\"white\",\"ticks\":\"\",\"title\":{\"standoff\":15},\"zerolinecolor\":\"white\",\"zerolinewidth\":2}}},\"xaxis\":{\"anchor\":\"y\",\"domain\":[0.0,1.0],\"scaleanchor\":\"y\",\"constrain\":\"domain\"},\"yaxis\":{\"anchor\":\"x\",\"domain\":[0.0,1.0],\"autorange\":\"reversed\",\"constrain\":\"domain\"},\"coloraxis\":{\"colorscale\":[[0.0,\"#0d0887\"],[0.1111111111111111,\"#46039f\"],[0.2222222222222222,\"#7201a8\"],[0.3333333333333333,\"#9c179e\"],[0.4444444444444444,\"#bd3786\"],[0.5555555555555556,\"#d8576b\"],[0.6666666666666666,\"#ed7953\"],[0.7777777777777778,\"#fb9f3a\"],[0.8888888888888888,\"#fdca26\"],[1.0,\"#f0f921\"]]},\"title\":{\"text\":\"Correlation Heatmap\"},\"height\":700},                        {\"responsive\": true}                    ).then(function(){\n                            \nvar gd = document.getElementById('a14ff46f-a0c2-42e0-84ab-0bb94cbf80f9');\nvar x = new MutationObserver(function (mutations, observer) {{\n        var display = window.getComputedStyle(gd).display;\n        if (!display || display === 'none') {{\n            console.log([gd, 'removed!']);\n            Plotly.purge(gd);\n            observer.disconnect();\n        }}\n}});\n\n// Listen for the removal of the full notebook cells\nvar notebookContainer = gd.closest('#notebook-container');\nif (notebookContainer) {{\n    x.observe(notebookContainer, {childList: true});\n}}\n\n// Listen for the clearing of the current output cell\nvar outputEl = gd.closest('.output');\nif (outputEl) {{\n    x.observe(outputEl, {childList: true});\n}}\n\n                        })                };                            </script>        </div>\n</body>\n</html>"
     },
     "execution_count": 14,
     "metadata": {
     },
     "output_type": "execute_result"
    }
   ],
   "source": [
    "import plotly.express as px\n",
    "fig = px.imshow(df.corr(), title='Correlation Heatmap', height=700)\n",
    "fig.show()"
   ]
  },
  {
   "cell_type": "code",
   "execution_count": 15,
   "metadata": {
    "collapsed": false
   },
   "outputs": [
   ],
   "source": [
    "df.to_csv('../datasets/health_numerical.csv', index=False)"
   ]
  },
  {
   "cell_type": "code",
   "execution_count": 0,
   "metadata": {
    "collapsed": false
   },
   "outputs": [
   ],
   "source": [
   ]
  },
  {
   "cell_type": "code",
   "execution_count": 0,
   "metadata": {
    "collapsed": false
   },
   "outputs": [
   ],
   "source": [
    "from plotly.subplots import make_subplots\n",
    "import plotly.graph_objects as go\n",
    "\n",
    "fig = make_subplots(rows=1, cols=2)\n",
    "\n",
    "df_hd = df_num[df_num['HeartDisease'] == 1]\n",
    "df_nhd = df_num[df_num['HeartDisease'] == 0]\n",
    "\n",
    "# sleep time vs mental health\n",
    "fig.add_trace(\n",
    "    go.Scatter(\n",
    "        x=df_hd['MentalHealth'].tolist(),\n",
    "        y=df_hd['SleepTime'].tolist(),\n",
